9.89758
0.05777
0.01621
0.00725
0.00459
0.00302
0.00211
0.00145
0.0013
0.00077
0.00068
0.00054
0.00065
0.00043
0.00031
0.00032
0.0003
0.00022
0.00022
0.00029
0.00016
0.00011
0.00014
0.00011
0.00012
0.00013
5e-05
8e-05
0.00017
9e-05
5e-05
8e-05
0.0001
6e-05
6e-05
6e-05
8e-05
4e-05
5e-05
4e-05
5e-05
1e-05
5e-05
4e-05
1e-05
3e-05
3e-05
2e-05
2e-05
2e-05
4e-05
2e-05
4e-05
3e-05
5e-05
3e-05
1e-05
6e-05
2e-05
3e-05
2e-05
0
1e-05
2e-05
3e-05
1e-05
1e-05
1e-05
2e-05
3e-05
2e-05
1e-05
0
1e-05
1e-05
0
1e-05
1e-05
0
2e-05
0
0
2e-05
0
2e-05
2e-05
1e-05
0
0
2e-05
0
2e-05
1e-05
0
0
0
1e-05
0
0
