0
0.925476
0.037798
0.012784
0.006296
0.003645
0.002449
0.001756
0.001334
0.00103
0.00081
0.000629
0.00053
0.00047
0.000373
0.000325
0.000311
0.000243
0.000226
0.000197
0.000181
0.000137
0.000135
0.000135
0.000121
0.000108
0.0001
8.1e-05
9.4e-05
8.2e-05
6.6e-05
7e-05
7.5e-05
6.6e-05
5.7e-05
4.9e-05
4.7e-05
6e-05
4.8e-05
3.6e-05
3.3e-05
3.8e-05
2.7e-05
4.1e-05
4.4e-05
2.6e-05
4.2e-05
2.7e-05
2.6e-05
2.8e-05
2.5e-05
2.8e-05
3.1e-05
2.5e-05
2.7e-05
1.6e-05
1.6e-05
1.9e-05
1.2e-05
2e-05
1.4e-05
1.4e-05
1.1e-05
1.6e-05
1.3e-05
1.1e-05
1.3e-05
1.1e-05
1.2e-05
7e-06
1.9e-05
1.3e-05
1.2e-05
1.4e-05
1.8e-05
1.6e-05
1.3e-05
5e-06
1.1e-05
1.1e-05
7e-06
9e-06
1.1e-05
1e-05
8e-06
1e-05
7e-06
1e-05
8e-06
7e-06
4e-06
9e-06
8e-06
8e-06
7e-06
8e-06
4e-06
7e-06
4e-06
2e-06
6e-06
9e-06
1.1e-05
1e-06
6e-06
8e-06
5e-06
9e-06
4e-06
3e-06
6e-06
5e-06
4e-06
6e-06
8e-06
3e-06
4e-06
6e-06
8e-06
3e-06
4e-06
1e-06
3e-06
5e-06
2e-06
2e-06
5e-06
1e-06
3e-06
8e-06
4e-06
2e-06
2e-06
3e-06
3e-06
1e-06
3e-06
2e-06
2e-06
3e-06
1e-06
2e-06
4e-06
5e-06
3e-06
4e-06
3e-06
1e-06
1e-06
2e-06
4e-06
0
4e-06
5e-06
4e-06
5e-06
4e-06
2e-06
2e-06
4e-06
3e-06
4e-06
2e-06
2e-06
4e-06
4e-06
0
1e-06
1e-06
2e-06
0
2e-06
1e-06
3e-06
4e-06
3e-06
1e-06
2e-06
1e-06
0
1e-06
2e-06
2e-06
1e-06
1e-06
2e-06
1e-06
1e-06
5e-06
0
4e-06
2e-06
2e-06
1e-06
1e-06
0
3e-06
0
2e-06
1e-06
1e-06
1e-06
1e-06
4e-06
2e-06
3e-06
0
2e-06
2e-06
2e-06
1e-06
3e-06
2e-06
2e-06
2e-06
0
0
1e-06
1e-06
0
1e-06
2e-06
0
3e-06
1e-06
0
1e-06
1e-06
0
2e-06
1e-06
1e-06
0
0
0
2e-06
2e-06
2e-06
1e-06
2e-06
4e-06
4e-06
1e-06
1e-06
3e-06
0
2e-06
1e-06
1e-06
0
1e-06
2e-06
4e-06
2e-06
1e-06
2e-06
0
2e-06
1e-06
0
0
0
2e-06
1e-06
2e-06
0
0
0
0
0
1e-06
1e-06
0
1e-06
0
1e-06
1e-06
2e-06
1e-06
0
2e-06
2e-06
2e-06
2e-06
0
0
1e-06
1e-06
0
0
2e-06
0
2e-06
0
0
0
0
1e-06
0
1e-06
1e-06
0
0
0
1e-06
0
1e-06
0
1e-06
1e-06
1e-06
0
0
0
0
0
0
0
0
1e-06
0
0
2e-06
1e-06
0
1e-06
0
0
0
2e-06
0
0
1e-06
0
1e-06
0
1e-06
1e-06
1e-06
0
1e-06
1e-06
0
2e-06
0
0
0
0
1e-06
1e-06
0
0
0
0
0
0
1e-06
0
0
0
0
0
1e-06
0
0
0
0
0
0
0
0
0
0
0
0
0
0
0
0
0
0
0
0
0
0
0
0
0
1e-06
1e-06
0
0
1e-06
0
0
0
1e-06
1e-06
1e-06
0
1e-06
0
0
0
1e-06
0
0
0
0
1e-06
2e-06
0
0
1e-06
0
0
1e-06
0
0
0
1e-06
0
0
0
0
1e-06
0
1e-06
1e-06
1e-06
0
3e-06
0
0
0
0
0
0
0
0
0
0
0
0
1e-06
0
0
1e-06
0
0
1e-06
0
0
0
1e-06
0
0
0
0
0
0
1e-06
0
0
0
2e-06
0
0
0
1e-06
0
0
1e-06
0
0
0
0
1e-06
0
0
0
0
0
1e-06
0
0
1e-06
0
0
0
0
0
1e-06
0
0
0
0
0
1e-06
0
0
0
0
0
2e-06
2e-06
1e-06
0
0
0
0
0
0
0
0
1e-06
0
1e-06
0
0
0
0
0
0
1e-06
0
0
0
0
1e-06
0
0
0
0
0
0
0
0
0
0
0
0
1e-06
0
0
0
0
0
0
0
0
0
0
0
0
1e-06
1e-06
0
0
1e-06
0
0
0
1e-06
0
0
0
0
0
0
0
0
0
0
0
0
0
0
0
0
0
0
0
0
0
0
0
0
0
0
0
0
0
0
0
0
0
1e-06
0
0
0
0
0
1e-06
0
0
0
1e-06
0
0
0
0
1e-06
0
0
0
0
1e-06
0
0
0
0
0
0
0
0
0
0
0
0
0
0
0
0
0
0
0
0
0
0
0
0
0
1e-06
1e-06
0
0
0
0
0
0
1e-06
0
0
0
0
0
0
0
0
0
0
0
0
0
0
0
0
0
0
0
0
0
0
0
0
0
0
1e-06
0
0
0
0
0
0
0
0
0
0
0
0
0
0
1e-06
0
0
0
0
0
1e-06
0
0
0
0
0
0
0
0
0
0
0
0
0
0
0
0
0
0
0
0
0
0
0
0
0
0
0
0
0
0
0
0
1e-06
0
0
0
0
0
1e-06
0
0
0
0
0
0
0
0
0
0
0
0
0
1e-06
0
0
0
0
0
0
0
0
0
0
0
0
0
0
0
0
0
0
0
0
0
0
1e-06
0
0
0
0
0
0
0
0
0
0
0
0
0
0
0
0
0
0
0
0
0
0
0
0
0
0
0
0
0
0
0
0
1e-06
0
0
0
0
0
0
0
0
0
0
0
0
0
0
0
0
0
0
0
0
0
0
0
0
0
0
0
0
1e-06
0
0
0
0
0
0
0
0
0
0
0
0
0
0
0
0
0
0
0
0
0
0
0
0
0
0
0
0
0
0
0
0
0
0
0
0
0
0
0
0
0
0
0
0
1e-06
0
0
0
0
0
0
1e-06
0
0
0
0
0
0
0
0
0
0
0
0
0
0
0
0
0
0
0
0
0
0
0
0
0
0
0
0
0
0
0
0
0
0
0
0
0
0
0
0
1e-06
0
0
0
0
0
0
0
0
0
0
0
0
0
0
0
0
0
0
0
0
0
0
0
0
0
0
0
0
0
0
0
0
0
0
0
0
0
0
0
0
0
0
0
0
0
0
0
0
0
0
0
0
0
0
0
0
0
0
0
0
0
0
0
0
0
1e-06
0
0
