0
0
9.17631
0.4048
0.14169
0.0704
0.04228
0.02831
0.01938
0.01441
0.01182
0.0093
0.00748
0.00632
0.0054
0.00437
0.00402
0.00339
0.00289
0.00278
0.00242
0.00211
0.00224
0.0016
0.00159
0.00143
0.00148
0.00106
0.00126
0.00102
0.0008
0.00095
0.00094
0.00084
0.00071
0.00072
0.00068
0.00059
0.00051
0.00051
0.00065
0.0005
0.00053
0.00047
0.00042
0.00048
0.00041
0.00037
0.00043
0.00033
0.00031
0.00045
0.00032
0.00022
0.00029
0.00031
0.00033
0.00035
0.00026
0.00018
0.00021
0.00018
0.00032
0.00026
0.00017
0.00018
0.00027
0.00025
0.00014
0.00013
0.00017
0.00025
7e-05
0.0002
0.00016
0.00013
0.00012
0.00011
0.00014
0.0001
0.00016
0.00012
0.00015
9e-05
0.00015
0.00016
0.00016
8e-05
0.0001
0.00013
9e-05
8e-05
5e-05
8e-05
0.0001
0.0001
6e-05
9e-05
7e-05
5e-05
6e-05
0.00011
4e-05
5e-05
9e-05
5e-05
0.00011
7e-05
4e-05
6e-05
6e-05
5e-05
4e-05
6e-05
2e-05
6e-05
8e-05
6e-05
6e-05
5e-05
8e-05
7e-05
8e-05
5e-05
6e-05
8e-05
6e-05
3e-05
6e-05
8e-05
4e-05
8e-05
3e-05
2e-05
6e-05
6e-05
4e-05
6e-05
2e-05
2e-05
0
4e-05
5e-05
0
4e-05
6e-05
3e-05
3e-05
3e-05
3e-05
5e-05
6e-05
3e-05
1e-05
3e-05
3e-05
5e-05
1e-05
4e-05
1e-05
5e-05
2e-05
1e-05
6e-05
4e-05
2e-05
2e-05
2e-05
3e-05
3e-05
1e-05
1e-05
4e-05
2e-05
1e-05
4e-05
1e-05
2e-05
4e-05
2e-05
3e-05
1e-05
3e-05
3e-05
3e-05
0
2e-05
0
3e-05
4e-05
1e-05
3e-05
5e-05
2e-05
0
3e-05
3e-05
4e-05
4e-05
4e-05
0
4e-05
0
2e-05
2e-05
2e-05
1e-05
1e-05
0
4e-05
3e-05
1e-05
1e-05
0
1e-05
0
2e-05
2e-05
0
1e-05
1e-05
1e-05
0
2e-05
2e-05
2e-05
3e-05
1e-05
1e-05
1e-05
1e-05
3e-05
1e-05
1e-05
1e-05
2e-05
0
2e-05
0
0
2e-05
1e-05
0
2e-05
0
2e-05
0
3e-05
1e-05
1e-05
3e-05
0
3e-05
0
1e-05
2e-05
1e-05
1e-05
1e-05
1e-05
1e-05
1e-05
0
1e-05
2e-05
0
0
0
0
0
0
2e-05
2e-05
1e-05
0
0
1e-05
0
1e-05
1e-05
0
3e-05
1e-05
3e-05
2e-05
1e-05
3e-05
0
1e-05
3e-05
1e-05
1e-05
0
0
2e-05
1e-05
1e-05
2e-05
0
1e-05
0
1e-05
0
0
2e-05
1e-05
1e-05
0
0
0
1e-05
0
3e-05
0
1e-05
1e-05
0
1e-05
1e-05
0
0
1e-05
1e-05
3e-05
0
1e-05
2e-05
1e-05
0
1e-05
0
0
0
0
0
1e-05
1e-05
1e-05
2e-05
1e-05
0
3e-05
0
1e-05
0
0
0
1e-05
0
1e-05
0
1e-05
0
0
1e-05
1e-05
1e-05
0
1e-05
1e-05
0
1e-05
0
3e-05
0
0
1e-05
1e-05
2e-05
0
1e-05
0
0
0
1e-05
1e-05
0
0
0
1e-05
1e-05
0
1e-05
1e-05
0
1e-05
0
0
0
1e-05
0
1e-05
0
0
1e-05
0
2e-05
0
0
0
1e-05
0
2e-05
0
0
1e-05
0
0
0
1e-05
0
0
0
1e-05
0
0
0
0
0
0
0
3e-05
0
0
1e-05
1e-05
0
0
0
0
0
1e-05
1e-05
0
0
0
0
0
2e-05
0
0
0
0
0
1e-05
0
0
0
0
0
0
0
1e-05
0
0
1e-05
0
0
1e-05
0
0
0
0
0
1e-05
1e-05
0
1e-05
0
0
0
0
0
0
0
1e-05
0
0
1e-05
0
0
0
0
0
1e-05
0
0
0
0
1e-05
0
0
0
0
0
0
1e-05
0
1e-05
0
0
2e-05
1e-05
0
0
0
0
0
1e-05
0
0
0
0
1e-05
1e-05
0
0
0
0
0
0
0
0
0
0
1e-05
1e-05
1e-05
1e-05
0
1e-05
0
0
0
0
0
0
0
1e-05
1e-05
0
1e-05
1e-05
0
1e-05
0
0
1e-05
0
1e-05
0
0
0
0
1e-05
0
1e-05
0
0
1e-05
0
0
0
1e-05
0
0
0
0
0
0
0
0
2e-05
0
0
0
1e-05
1e-05
1e-05
1e-05
0
0
0
0
1e-05
0
0
0
1e-05
0
0
0
0
1e-05
0
0
0
0
2e-05
0
0
0
0
0
0
0
1e-05
1e-05
0
0
0
0
0
0
0
0
0
0
0
0
0
0
0
0
0
0
1e-05
0
0
0
1e-05
0
0
0
0
1e-05
0
0
0
0
1e-05
0
0
0
1e-05
0
0
0
1e-05
0
0
0
1e-05
0
0
0
0
0
0
0
0
0
0
0
0
0
0
0
1e-05
0
0
0
0
0
0
0
0
1e-05
0
0
0
0
0
0
0
0
0
0
0
2e-05
0
0
0
1e-05
0
0
1e-05
1e-05
0
0
0
0
0
1e-05
0
0
0
0
1e-05
0
0
1e-05
0
0
0
0
0
0
0
0
0
0
0
0
0
0
0
0
0
0
0
0
1e-05
0
0
0
0
0
0
0
0
0
0
0
0
0
0
0
0
1e-05
0
0
0
0
0
0
0
0
0
0
0
0
0
0
1e-05
0
0
0
0
0
0
0
0
0
0
1e-05
0
0
0
0
0
0
0
0
0
0
0
0
0
0
0
1e-05
0
1e-05
0
0
0
0
0
0
0
0
0
0
0
0
0
0
0
0
0
0
0
0
0
0
0
0
0
0
0
0
1e-05
1e-05
0
0
0
0
0
0
0
0
0
0
0
0
0
0
0
0
0
0
0
0
0
0
1e-05
0
1e-05
0
0
0
1e-05
0
0
0
1e-05
0
0
0
0
1e-05
0
0
0
0
0
0
0
0
0
0
0
0
0
0
0
0
0
0
0
0
0
0
0
0
0
0
0
0
0
0
0
0
0
1e-05
0
1e-05
0
0
0
0
0
0
0
0
0
0
0
0
0
0
1e-05
0
1e-05
0
0
0
0
0
0
0
0
0
0
1e-05
0
0
0
0
0
0
0
0
0
0
0
0
0
0
0
0
0
0
0
0
0
0
0
0
0
0
0
0
0
0
0
0
0
0
0
0
0
0
0
0
0
0
1e-05
0
0
0
0
0
0
0
0
0
0
0
0
0
0
0
0
0
0
0
0
0
0
0
0
0
0
0
1e-05
0
0
